viz-id ra dec
228 228.3214576 42.4609896
803 235.8152838 43.5869811
931 187.668276 0.7457892
1062 180.8414824 1.5618101
1072 210.4747543 -1.3429271
1585 151.5985591 -1.58277
1670 354.3850441 -0.4595662
1699 181.9241751 1.5086717
1737 137.5814099 2.2632738
1853 128.8510928 -1.6273562
1864 219.3989654 0.2895192
1984 189.9153345 0.8239197
2030 209.760146 0.1800245
2291 220.1322156 0.6530128
2510 36.183798 -1.7436156
2833 224.936489 43.261311
3127 338.0626604 -0.0638832
3159 189.5584041 0.4767641
3355 209.7906064 0.268712
3440 248.8126444 44.3344614
3462 153.3614238 -0.8071068
3797 228.2117469 41.9749241
4032 350.2807156 1.4018211
4199 218.2059264 0.8222728
4221 30.0980674 -1.4120926
4363 176.3969337 -1.8543287
4495 136.012838 3.6234204
4782 180.6093554 -0.3465878
4798 187.7942534 0.7947892
4825 334.1251639 3.3505597
5013 234.1374015 43.4097721
5051 150.4133053 -0.1191215
5235 185.390092 -0.8617538
5282 208.3927713 0.0437916
5420 30.7562544 -2.9322754
5436 211.4672309 -0.322666
5591 151.9470101 0.2012185
5787 35.3610989 -5.4335693
5805 30.4608346 -1.3870198
5978 134.3962502 -0.9673803
6020 182.6151234 0.3754714
6180 350.2869246 0.4609444
6239 137.2415627 0.5460031
6286 347.8881121 -0.2269651
6596 332.9626476 2.4711949
6876 18.8769156 -0.487297
6905 349.8666593 1.0649432
6925 136.0306226 3.7067114
7016 238.5183391 42.1270214
7512 233.9267947 43.4576741
8460 249.332317 44.1656748
8636 176.4964432 -1.7868771
8762 356.8819606 -0.6206143
8826 336.5177307 0.6978379
8919 207.8073611 0.3711265
8930 153.7642894 -1.563963
9176 151.3816002 2.6603597
9186 131.7218207 2.4097808
9188 181.032669 1.3215952
9401 177.4737381 -1.3107438
9481 30.5536949 -2.9121963
9519 237.2871973 42.0144675
9916 2.6401607 -0.0657806
10666 151.6123305 -1.5607194
10837 129.0340332 -1.8907768
10939 217.5286671 1.0279449
11065 237.7386258 42.6750964
11146 232.3751403 42.8629011
11287 250.3614156 42.6152683
11607 359.048809 -0.2997508
11660 150.1335405 0.4913382
11959 128.821372 -1.6477051
11962 246.978568 42.7308564
12015 213.4535644 43.9899182
12208 2.0386046 -0.8796212
12378 153.2904508 -0.7734453
12516 179.5301202 -2.3821372
12599 3.0335566 -0.0352569
12676 151.3972665 -1.6576345
12814 355.085259 -0.1464083
12947 37.2788956 -5.5491473
13070 20.9089495 -0.5119868
13189 331.7162045 7.0612253
13292 128.8323203 -1.6135132
13310 330.8042144 2.6483951
13652 133.2524177 2.1533242
14037 247.0151477 42.7283857
14159 39.2677744 -5.2657073
14216 28.9578801 -2.569023
14606 37.6880329 -4.6131428
14699 189.9333457 0.395946
14961 37.6178024 -4.6015542
14970 235.8325544 44.3945583
15121 139.939191 0.796652
15381 176.3688281 -1.7828649
15401 137.7379873 -1.6240627
16408 225.3083901 43.2690753
16617 131.687802 2.589298
17027 189.8011 0.3851975
17141 150.055139 0.5430206
17353 189.8480657 0.5123339
17354 338.5564715 3.6202481
17554 218.8313076 -0.0331037
17947 350.4126371 1.4732959
18077 128.8247303 -1.9937914
18486 153.3340133 -0.7578682
18986 340.5654308 -1.4865748
19021 358.7961708 -1.4294426
19336 345.2538247 1.6960582
19506 149.338715 3.6322522
19656 220.7369959 0.2805017
19784 148.9741011 -1.9189643
19870 30.1162754 -1.5072888
19887 358.9736276 0.4714337
19965 131.9197024 2.5007516
20009 349.4401578 -1.2776546
20181 341.8600932 0.36369
20316 249.1004272 44.1054426
20340 181.2700692 1.7483239
20492 34.8603795 -6.9239291
20624 211.2762466 -0.5298481
20659 28.7171963 -2.578257
20680 330.8205791 2.4860694
20759 176.6397938 -1.8824642
20868 148.5590577 2.2317469
20914 35.7669744 -1.7992341
21112 17.2550972 2.5033857
21131 32.9720927 -2.0534305
21232 150.0273252 0.7044795
21244 18.7538758 1.8719104
21295 35.3433227 -5.4232532
21384 187.7092725 0.4996946
21443 181.4398512 1.4283858
21525 37.8832259 -2.9755214
21531 245.7145629 43.7262065
21534 350.35837 0.4649426
21705 211.8246848 -1.5034928
22085 29.6788089 -1.4870973
22086 150.1816206 -1.6186495
22098 343.3575396 1.4135878
22104 29.6819803 -1.3381219
22261 128.7726667 -1.7192981
22450 176.3488131 -1.9340071
22494 37.7373152 -4.5493254
22573 339.6821322 3.298443
22727 250.2900354 42.6818402
23004 135.5864518 3.359657
23177 189.5910245 0.2761459
23248 148.7804352 0.6188632
23419 213.6096989 43.8771216
23470 218.932198 -0.1913054
23506 187.8791737 0.5539251
23552 249.7154972 42.2106738
23801 179.6335013 -1.8579121
23864 128.8573831 -1.7531346
24133 249.357888 44.3879264
24267 239.0218835 42.178019
24360 174.9110516 -0.8466616
24397 30.0203046 -1.371613
24653 152.8763302 0.0590588
24831 212.1164329 -1.7811742
24849 354.9096145 0.0223598
25205 220.6865128 1.3641857
25225 246.572909 43.9375486
25403 356.0084069 2.7986089
25767 358.3242362 0.4670801
25825 356.7936029 -0.6351144
25949 128.9947195 -1.9771523
26053 147.8630292 1.1721012
26209 213.4261644 1.8927767
26317 37.6714291 -4.7856195
27139 347.5482706 2.7355941
27183 140.9389902 1.3075308
27319 243.000064 43.7052788
27784 359.8083842 1.8807654
27792 153.3046973 -0.76197
27799 217.7986521 1.2353161
27808 181.0660181 1.7787631
27881 148.2524232 1.0206578
28134 225.3210583 1.5922293
28438 217.842635 1.1611016
28592 182.5695583 -1.2716345
28914 213.7423694 -0.7531567
29110 33.0027866 -2.7654882
29123 132.9256924 3.0994927
29144 356.050831 0.5916174
29501 335.1944324 -1.1235166
29725 235.8781876 43.8751051
29808 16.8609663 -0.682905
29860 239.1857194 42.0526799
29873 176.2926993 -1.666017
30014 209.6914503 -2.2780976
30074 151.6314081 -1.2494974
30168 149.8795897 1.094594
30269 15.8729353 -0.6637848
30385 35.3325829 -5.5158019
30495 355.7875349 0.2758299
30841 334.1886004 2.3179218
30918 216.0985112 1.2476788
31008 18.4748841 2.1251334
31011 182.774386 0.9267303
31126 148.6481816 2.3461737
31282 212.3379584 -1.8829271
31355 37.1313649 -4.5186346
32056 140.2767173 0.9358166
32188 182.8155589 1.0632747
32208 359.0986382 -0.5229609
32236 225.3305292 1.6050968
32283 154.4599292 -0.4671961
32312 233.9158202 43.7164205
32492 18.2921937 -0.205878
32633 355.4179851 -1.3854725
32852 356.1110712 0.7803112
33007 246.9608114 42.6026543
33209 356.2150513 0.5347469
33327 336.7015595 3.5618856
33394 217.4791213 -0.1297751
33441 28.6944947 -2.7498458
33535 249.2165453 44.2534977
34251 352.624557 0.1244857
34311 131.7845692 2.5257379
34340 186.4216006 -2.3956632
34727 151.9459388 0.286233
34892 33.4061961 -3.2737541
35129 176.7483324 -1.8969284
35187 128.923493 1.5191539
35220 34.5144192 -4.3059998
35522 130.0504642 0.0665914
36359 209.0993934 -0.1308648
36454 244.3703013 43.5033358
36534 350.7495965 1.526119
36721 209.8537121 0.2113037
37163 330.6299425 2.7249314
37175 331.7624661 -0.6211574
37424 189.8763873 0.3290996
37749 181.181945 1.6217795
38086 211.8484571 -1.5866385
38406 128.6695526 -1.8809535
38470 32.830342 -2.2438775
39020 345.6394347 1.7372005
39295 30.4735679 -5.6466689
39452 214.8901103 44.1697529
39480 150.1222275 3.2321444
40116 245.687524 43.3096252
40303 182.5140463 0.6504138
40485 358.4975099 0.454222
40595 188.7243344 -0.286604
40671 189.787954 0.1451978
40777 337.3076356 -1.2152801
40799 222.9559759 -0.0144732
40915 149.4852915 1.7644933
40955 236.7330616 43.3536089
41052 179.4693223 -2.0928358
41778 176.1998694 -1.9387737
41870 340.9749917 3.4150077
42161 332.0111048 -0.9067658
42506 358.9505297 -1.0450255
42647 141.5698514 2.0749047
43096 214.8734593 44.2981305
43729 333.6975932 2.0866666
43741 182.5994417 0.8922457
43956 18.1806646 -0.3868954
44405 150.6245047 0.4011449
44454 152.6265662 -2.0476198
44459 150.1171273 0.7077499
44517 18.3238671 -0.2380388
44637 225.0061432 43.4365683
44647 137.6612718 2.9286251
44739 239.0072856 42.1049644
44841 31.1067459 -2.4864666
44847 224.3729948 1.5155979
44926 131.7773186 1.3287353
45406 35.3498461 -5.3589374
45641 244.0894166 42.3833232
45970 209.7128998 0.347501
46467 21.2094803 0.1461278
46552 343.1601467 1.2375356
46822 213.443722 1.8259634
46914 236.247371 43.5194985
47040 247.0083523 42.5299795
47360 182.5001336 0.6572644
47488 148.9661062 -1.8490858
47537 234.6019568 43.4635936
47559 235.8386923 43.8990532
47575 176.4185665 -1.8241295
47949 151.6719826 -1.9107619
48152 133.8454337 -2.2742181
48161 358.8738529 -1.4159041
48454 181.2786471 1.5528935
48497 222.5483937 0.5137629
48544 349.5518132 0.2170544
48620 349.1290226 2.8331275
48725 349.8693336 1.3972572
48838 38.7226387 -4.4702354
48862 336.6325638 3.6522821
49055 216.9353041 -0.9180076
49056 234.0868957 43.4801583
49108 233.9231418 43.8266542
49148 133.9584554 -2.1903826
49173 154.3311134 -0.4459286
49577 342.7640983 -1.3204592
49614 234.7542845 43.8008217
49813 348.1303359 -1.2106582
49976 150.0183302 0.5789021
49982 249.2316892 44.0638544
50236 148.9472794 -1.8946875
50255 237.4300471 41.8719162
50482 234.4842158 43.8478092
50509 148.6204296 2.3836652
50529 334.1718701 3.4416084
50966 18.4070202 0.0621743
50986 18.8097316 1.9317577
51094 354.4399628 -0.4228657
51113 35.9925196 -6.7617164
51149 130.6523407 -0.5812324
51245 346.2659691 2.5504729
51341 149.5314403 1.6786744
51533 233.8352843 43.4037032
51667 214.5833531 0.8662071
51815 224.1356637 -2.1417639
51967 18.9341818 0.1534645
52188 34.9516088 -6.7119051
52217 346.6846976 0.2070364
52238 189.5589712 0.4783995
52321 245.9358448 43.5372202
52367 188.3240737 0.7395275
52407 350.222261 -0.9298603
52610 358.9174745 -1.2230839
52662 28.7011698 -2.700348
52901 339.8143372 3.180133
52915 153.3371704 -0.742752
52929 332.9704222 2.5129042
53048 233.4724378 43.5678109
53383 189.8652805 0.4144209
53756 346.0651751 1.7570738
54029 181.2106682 1.7200424
54066 30.2846955 -1.3110276
54494 219.377913 1.2263936
54567 151.4908978 -1.3969897
54618 246.923107 42.6725897
54980 129.0641708 -1.8841501
55052 359.0842782 -0.3619457
55121 330.7335481 2.542297
55332 30.1675816 -1.3433545
55341 343.9472881 2.1331672
55342 179.7553824 -1.8056669
55799 129.0420488 -1.9684373
55845 337.9665709 -0.1387029
55886 242.4661316 42.4463971
55931 35.3153173 -5.5393009
56235 29.9493215 -1.3540746
56244 175.047269 -0.8938378
56357 30.2662586 -5.1016688
56400 356.2783778 0.5301878
56868 181.3356613 1.6302415
57432 238.9991795 41.8224479
57749 28.5962243 -2.676127
57828 350.2011035 1.198438
58058 140.6059442 3.2594213
58441 217.0500671 -1.6047325
58742 181.1897875 1.893508
58775 180.9235768 1.9325828
59075 228.2992188 42.3977059
59274 181.3453669 1.7918258
59394 250.4617583 43.235156
59510 149.4032465 1.753037
59715 334.0049056 2.0633873
59868 30.1674951 -1.5469882
59939 154.4511106 -0.4881878
59956 356.3432263 -0.2224519
60176 181.1423189 1.3611718
60180 208.5946012 0.1038167
60199 349.6590957 -1.109922
60310 38.0827163 -1.5049501
60444 223.381323 42.4869583
60461 132.8650233 3.1167059
60600 39.4492771 -1.9890904
60687 331.4404724 5.4189255
60721 18.6993305 2.0122467
60783 348.1586457 -0.1090137
60889 3.8046883 0.2692876
61082 38.9608842 -6.0469832
61428 350.3664867 -0.6931631
61610 17.1414922 2.2344822
61737 18.9561779 0.214116
62008 246.7199285 42.6360878
62121 129.0886275 -1.8818848
62214 134.4607617 -0.2231323
62335 189.7311301 0.2940206
62361 210.0423638 -0.9466036
62470 134.6100278 0.0059503
62481 234.2204212 43.5648952
62554 216.8409559 1.1524312
62751 219.7134507 0.0224934
62772 219.4322777 0.2696859
62811 30.7115 -2.8183024
62868 180.0721772 0.5619453
62975 358.3953652 -0.7940742
62994 350.0217716 -0.9216679
63012 349.5743189 -0.4682165
63021 233.9208036 43.2469447
63085 154.3970654 -0.4232592
63264 33.3147385 -3.0913053
63430 349.6953481 0.3481734
63775 339.7295945 3.1083807
63988 147.2914653 1.0873331
64545 234.2303577 43.7521976
64638 249.1150584 44.6158209
64654 216.876694 -0.8971468
64670 31.498244 -1.685337
64737 18.8926049 0.1279844
64839 20.9390541 -0.6135949
64850 16.0341015 -0.5149984
64915 348.1212601 2.837336
64938 39.3118921 -1.7700022
65044 180.7708576 1.2757324
65334 149.1527861 1.8257276
65346 232.5822106 43.0790073
65492 216.1350114 1.2108838
65574 223.7321313 43.8608303
65780 35.7539934 -1.8268286
66103 151.6535866 -1.5803674
66163 334.1589273 1.8232057
66325 358.8183938 -1.1378885
66442 208.3397827 0.4421742
66707 330.8752473 2.4974337
66709 151.9417927 0.5608887
66772 246.8198635 42.6525025
66779 232.7964434 42.6081447
66859 35.0167471 -6.5756479
67181 350.3565304 1.8713322
67254 181.2910097 1.8426782
67784 209.8266774 0.1846371
67999 350.2719547 1.5303899
68097 30.3907823 -5.5535452
68127 220.8309212 1.0040008
68198 139.1056444 0.625354
68273 356.0536289 0.8208645
68342 217.0653347 1.1243719
68465 245.5053744 43.4371728
68517 211.2850376 -0.6473514
68752 181.1671655 1.6459218
68935 351.1076259 1.5119868
68951 200.3235751 0.344853
69025 331.9978728 7.0893678
69381 29.1199043 -4.5306946
69382 150.099937 0.7934668
69456 129.6686286 -1.9065278
69525 187.9174988 0.4979351
69548 331.8233761 -0.5876111
69656 239.1990614 42.2684883
69972 30.2355911 -1.446934
70143 128.6115165 0.1589894
70515 139.997289 0.8145094
70914 333.1058614 2.324287
71155 34.7837996 -6.4670433
71190 221.0936566 0.0855508
71309 176.6090839 -1.9679235
71319 353.327028 -1.3363976
72224 218.0710346 -1.1645702
72305 247.3400455 42.7479954
72306 218.8602529 -0.1392529
72329 30.3640709 -1.3161382
72381 340.0956961 3.4058887
72602 236.258605 42.4993826
72851 148.9203267 -1.876992
72964 213.6221655 -0.7195451
73044 141.3719216 2.0948891
73112 151.3453846 0.5119705
73208 18.1948652 -0.4412371
73274 16.1115721 -0.6998966
73761 333.7805989 1.7841616
73872 239.1153354 41.8334714
74461 176.3440621 -1.8187088
74665 135.5305964 3.3671592
74709 350.0578716 1.4985529
74926 236.5515589 44.3011158
75138 241.2271144 42.5315297
75146 151.2527336 1.818769
75212 32.2729832 -6.3073727
75355 341.0634353 -0.1636198
75450 345.9934271 1.8428793
75570 32.7693748 -2.9838995
75879 151.4255474 0.4766238
76038 235.9675626 43.8016756
76567 332.9575253 0.2610761
76692 174.6692747 -1.038359
76727 207.8711544 1.2760256
76781 151.6299395 -1.3531996
76875 358.8054144 -1.3211571
77233 128.6988411 -1.7857904
77322 142.8466764 1.9520192
77344 217.7056908 0.2657222
77453 216.7428564 -0.8505017
77499 356.2654163 0.1858894
77651 347.3306753 0.6415578
77923 183.1655304 -0.8164852
78119 181.3868252 1.5640075
78356 239.1842412 42.0532611
78403 180.7318067 -0.1989152
78735 249.2816143 44.387723
78849 18.2255078 -0.2820418
78916 135.6377767 3.4223099
78957 179.275813 1.1006859
79029 221.3097103 0.5663115
79056 350.2807349 1.4006702
79111 189.6942214 0.5020817
79133 356.7315422 -0.6967246
79385 349.9720671 1.4022908
79390 236.0091382 43.2817725
79678 21.5769966 -0.9938356
79706 235.7264079 44.0870932
79892 241.416219 42.5884955
79982 346.2485375 1.8339379
80065 236.1270882 43.4244166
80769 249.6394793 42.0435916
80778 330.9031374 2.501886
80846 330.6501542 2.5373228
81343 239.1980753 42.3489498
81529 3.0596905 -0.1404273
81835 16.0426966 -0.8356968
81956 345.8632197 1.7036232
82230 340.1742102 3.1779487
82340 211.2652064 -0.6982816
82707 128.8437704 -1.8468404
82766 20.7720121 -0.3195935
82983 30.0011521 -1.3527772
83175 39.6883459 -6.8994027
83473 331.0667066 4.6234717
83554 28.7151455 -2.6568011
83943 211.649594 -1.2208146
84101 153.3370736 -0.7436549
84314 343.9513523 2.1313012
85042 151.2054195 0.5560792
85078 182.2421035 -2.3248711
85358 18.8153868 -0.4392796
85545 237.529755 42.0381702
85662 358.817552 -1.1373842
85715 210.6275057 -1.4294535
85827 334.1242485 2.0174256
85909 135.6907609 3.2946994
85963 37.683083 -4.6020238
86056 149.0005015 1.4076689
86113 352.6785044 0.232798
86749 35.4086987 -5.4419486
87099 222.654513 -1.7272503
87263 212.431706 -1.8587416
87354 134.4423872 -0.2666998
87804 330.7853211 2.6029617
88167 128.0464649 -1.1718533
88330 217.0861626 -1.6053905
88558 139.9816857 1.1229453
88587 221.2180308 0.3856692
88832 18.6619383 1.5904875
88922 248.8865203 44.4784653
88937 226.3662418 42.7133192
89028 237.5614275 41.9401325
89144 334.1663531 3.5038133
89172 148.549505 0.658399
89269 133.9008712 -2.237627
89548 148.1532519 -2.4146987
89628 177.3622836 -1.4330978
90517 241.1596481 42.5387337
